epoch,avg_train_loss,avg_train_loss_det,avg_valid_loss,time
1,0.058944,0.058944,nan,1133.634940
2,0.024751,0.024751,nan,1129.884951
3,0.023951,0.023951,nan,1120.741357
4,0.023560,0.023560,nan,1110.843050
5,0.023248,0.023248,nan,1119.770809
6,0.023054,0.023054,nan,1139.036796
7,0.022991,0.022991,nan,1146.631667
8,0.022902,0.022902,nan,1134.791907
9,0.022866,0.022866,nan,1138.075263
10,0.022815,0.022815,nan,1133.055334
11,0.022821,0.022821,nan,1122.107106
12,0.022703,0.022703,nan,1132.252546
13,0.022658,0.022658,nan,1129.258554
14,0.022618,0.022618,nan,1128.648402
15,0.022515,0.022515,nan,1134.127617
16,0.022557,0.022557,nan,1134.628589
17,0.022569,0.022569,nan,1131.700603
18,0.022470,0.022470,nan,1119.266249
19,0.022438,0.022438,nan,1122.030192
20,0.022415,0.022415,nan,1124.987639
21,0.022379,0.022379,nan,1129.076119
22,0.022351,0.022351,nan,1123.904909
23,0.022438,0.022438,nan,1128.058189
24,0.022440,0.022440,nan,1133.776542
25,0.022395,0.022395,nan,1138.264754
26,0.022340,0.022340,nan,1145.687989
27,0.022399,0.022399,nan,1133.830293
28,0.022386,0.022386,nan,1144.997336
29,0.022351,0.022351,nan,1126.624316
30,0.022420,0.022420,nan,1131.676286
31,0.022390,0.022390,nan,1132.394418
32,0.022424,0.022424,nan,1139.787957
33,0.022490,0.022490,nan,1122.114968
34,0.022414,0.022414,nan,1139.125166
35,0.022402,0.022402,nan,1147.517830
36,0.022510,0.022510,nan,1139.086335
37,0.022447,0.022447,nan,1140.769074
38,0.022418,0.022418,nan,1138.568521
39,0.022398,0.022398,nan,1129.482028
40,0.022304,0.022304,nan,1130.318529
41,0.022271,0.022271,nan,1122.934176
42,0.022245,0.022245,nan,1121.949606
43,0.022258,0.022258,nan,1133.767792
44,0.022261,0.022261,nan,1141.515041
45,0.022212,0.022212,nan,1135.338879
46,0.022210,0.022210,nan,1141.560761
47,0.022243,0.022243,nan,1139.304302
48,0.022230,0.022230,nan,1140.179980
49,0.022238,0.022238,nan,1123.098972
50,0.022224,0.022224,nan,1126.913827
51,0.022247,0.022247,nan,1129.486222
52,0.022255,0.022255,nan,1130.279240
53,0.022165,0.022165,nan,1137.578385
54,0.022166,0.022166,nan,1135.431139
55,0.022196,0.022196,nan,1129.967978
56,0.022177,0.022177,nan,1146.515521
57,0.022171,0.022171,nan,1148.917485
58,0.022163,0.022163,nan,1146.335997
59,0.022177,0.022177,nan,1144.384356
60,0.022192,0.022192,nan,1157.126982
61,0.022181,0.022181,nan,1145.137548
62,0.022143,0.022143,nan,1145.337328
63,0.022169,0.022169,nan,1154.393600
64,0.022192,0.022192,nan,1142.952414
65,0.022122,0.022122,nan,1145.777965
66,0.022125,0.022125,nan,1150.096777
67,0.022131,0.022131,nan,1152.609934
68,0.022143,0.022143,nan,1144.827074
69,0.022085,0.022085,nan,1154.702265
70,0.022056,0.022056,nan,1157.364143
71,0.022117,0.022117,nan,1148.344560
72,0.022094,0.022094,nan,1138.818136
73,0.022071,0.022071,nan,1144.721137
74,0.022047,0.022047,nan,1143.196878
75,0.022069,0.022069,nan,1140.446187
76,0.022017,0.022017,nan,1139.116943
77,0.021984,0.021984,nan,1147.562417
78,0.022000,0.022000,nan,1146.381157
79,0.022000,0.022000,nan,1143.950630
80,0.021984,0.021984,nan,1143.469423
81,0.021996,0.021996,nan,1144.520008
82,0.022050,0.022050,nan,1142.872162
83,0.021998,0.021998,nan,1157.723914
84,0.022038,0.022038,nan,1148.817571
85,0.022159,0.022159,nan,1145.976701
86,0.022057,0.022057,nan,1150.372756
87,0.021988,0.021988,nan,1144.144576
88,0.021969,0.021969,nan,1136.448599
89,0.022049,0.022049,nan,1149.815014
90,0.021989,0.021989,nan,1145.793801
91,0.021985,0.021985,nan,1142.655873
92,0.022001,0.022001,nan,1135.056830
93,0.021981,0.021981,nan,1153.051363
94,0.022017,0.022017,nan,1149.857056
95,0.021996,0.021996,nan,1159.524010
96,0.022008,0.022008,nan,1154.645998
97,0.022025,0.022025,nan,1154.258537
98,0.021996,0.021996,nan,1150.074134
99,0.021969,0.021969,nan,1164.282883
100,0.021966,0.021966,nan,1154.110533
101,0.022006,0.022006,nan,1174.628973
102,0.022036,0.022036,nan,1141.718636
103,0.022053,0.022053,nan,1144.638663
104,0.022183,0.022183,nan,1167.410655
105,0.022285,0.022285,nan,1138.868070
106,0.022239,0.022239,nan,1152.249351
107,0.022116,0.022116,nan,1163.977584
108,0.022087,0.022087,nan,1150.091654
109,0.022314,0.022314,nan,1160.803695
110,0.022945,0.022945,nan,1143.303321
111,0.022706,0.022706,nan,1134.291828
112,0.022326,0.022326,nan,1141.270788
113,0.022277,0.022277,nan,1157.294332
114,0.022216,0.022216,nan,1152.578420
115,0.022273,0.022273,nan,1139.298728
116,0.022208,0.022208,nan,1140.101854
117,0.022691,0.022691,nan,1145.652436
118,0.022586,0.022586,nan,1158.211959
119,0.022605,0.022605,nan,1151.570534
120,0.022293,0.022293,nan,1142.482731
121,0.022417,0.022417,nan,1161.687254
122,0.022192,0.022192,nan,1160.645540
123,0.022156,0.022156,nan,1153.862697
124,0.022212,0.022212,nan,1159.980776
125,0.022218,0.022218,nan,1153.816957
126,0.022231,0.022231,nan,1161.600095
127,0.022271,0.022271,nan,1167.104422
128,0.022843,0.022843,nan,1168.630677
129,0.022633,0.022633,nan,1159.919010
130,0.022284,0.022284,nan,1145.244745
131,0.022372,0.022372,nan,1151.037454
132,0.022735,0.022735,nan,1153.295222
133,0.022384,0.022384,nan,1150.404718
134,0.022630,0.022630,nan,1150.381160
135,0.022580,0.022580,nan,1145.631629
136,0.022287,0.022287,nan,1147.358269
137,0.022630,0.022630,nan,1151.639857
138,0.023087,0.023087,nan,1149.985194
139,0.022646,0.022646,nan,1149.732105
140,0.022809,0.022809,nan,1143.455834
141,0.022498,0.022498,nan,1144.113547
142,0.022479,0.022479,nan,1140.608910
143,0.022432,0.022432,nan,1148.948984
144,0.022769,0.022769,nan,1138.637018
145,0.022438,0.022438,nan,1130.028303
146,0.022351,0.022351,nan,1131.828120
147,0.022519,0.022519,nan,1134.915730
148,0.022577,0.022577,nan,1149.489205
149,0.022417,0.022417,nan,1133.980870
150,0.022352,0.022352,nan,1125.564587
151,0.022500,0.022500,nan,1140.168376
152,0.022508,0.022508,nan,1138.632021
153,0.022730,0.022730,nan,1141.460039
154,0.022370,0.022370,nan,1110.733267
155,0.022274,0.022274,nan,1120.179130
156,0.022395,0.022395,nan,1126.110254
157,0.022392,0.022392,nan,1142.685077
158,0.022545,0.022545,nan,1134.680515
159,0.022552,0.022552,nan,1120.417352
160,0.022476,0.022476,nan,1114.863876
161,0.022508,0.022508,nan,1113.671878
162,0.022501,0.022501,nan,1141.314703
163,0.022441,0.022441,nan,1133.358124
164,0.022373,0.022373,nan,1125.468609
165,0.022742,0.022742,nan,1126.417270
166,0.022531,0.022531,nan,1132.643604
167,0.022779,0.022779,nan,1129.415990
168,0.023002,0.023002,nan,1116.516300
169,0.023144,0.023144,nan,1127.602173
170,0.022904,0.022904,nan,1119.013084
171,0.022699,0.022699,nan,1123.840670
172,0.022736,0.022736,nan,1130.642883
173,0.022841,0.022841,nan,1135.230285
174,0.022855,0.022855,nan,1136.840430
175,0.022630,0.022630,nan,1132.185341
176,0.023004,0.023004,nan,1127.709484
177,0.022999,0.022999,nan,1136.926984
178,0.022800,0.022800,nan,1117.521458
179,0.023317,0.023317,nan,1111.711664
180,0.023274,0.023274,nan,1130.959515
181,0.022717,0.022717,nan,1143.629264
182,0.022898,0.022898,nan,1144.113239
183,0.023239,0.023239,nan,1120.559079
184,0.022707,0.022707,nan,1128.165542
185,0.023333,0.023333,nan,1134.296998
186,0.022866,0.022866,nan,1143.872669
187,0.022836,0.022836,nan,1144.128392
188,0.022758,0.022758,nan,1123.910153
189,0.023098,0.023098,nan,1127.741162
190,0.022745,0.022745,nan,1120.618349
